Vertices

left way around
//name, x1,y1,x2,y2,....


 Roads
 rte 123,  0, 12, 0, 12.3, 3.15, 12.8, 1.9, 12.8, 1.9, 13.16, 18.0, 13.16, 18.0, 12.8, 4.88, 12.8 
 rte 140,  1.5, 12.4, 1.5, 18, 1.9, 18, 1.9, 12.5
 E Main St,  1.9, 12.8, 1.9,13.1, 18, 13.1, 18, 12.8
 Tauton Ave,  2.2, 0,2.2, 12.05, 2.5 ,12.25, 2.5, 0
 Howard St,  2.5, 5.3, 2.5, 5.6, 4, 5.6, 4, 5.3
 Norton Med Lot,  2.5,5.8, 2.5, 7.5, 3.5, 7.5, 3.5, 5.8
 Book Store Lot,  2.5, 8.3, 2.5, 9.1, 3.5, 9.1, 3.5, 8.3
 Parking Lot 10, 3.17, 10.22, 3.17, 12.35, 3.35, 12.4, 3.35, 11.85, 4.2, 11.85, 4.2, 10.22
 Parking Lot 1, 1.9, 14.91, 1.9, 15.11, 3.1, 15.11, 3.1, 15.22, 2.05, 15.22, 2.05, 15.8, 3.75, 15.8, 3.75, 15.22, 3.27, 15.22, 3.27, 15.11, 7.91, 15.11, 7.91, 14.91, 6.68, 14.91, 6.68, 13.81, 5.2, 13.81, 5.2, 13.16, 4.95, 13.16, 4.95, 13.81, 4.5, 13.81, 4.5, 14.68, 3.1, 14.68, 3.1, 14.91



 Buildings

 Public Safety,  3, 2.4, 3, 2.6, 2.8, 2.6, 2.8, 3, 3.3, 3, 3.3, 2.4
 26/28 Tauton Ave,  3, 3.3, 3,3.6, 3.3,3.6, 3.3, 3.3
 The Lyons Den,  3, 4.05, 3, 4.35, 3.3, 4.35, 3.3, 4.05
 44 Howard st,  3.5, 4.9, 3.5, 5.2, 3.8, 5.2, 3.8, 4.9
 Norton Medical Center,  2.8, 6.3, 2.8, 7.05, 3.3, 7.05, 3.3, 6.3
 9 Tauton Ave, 1.7, 8.55, 1.7, 8.95, 2.1, 8.95, 2.1, 8.55
 Old Town Hall Book Store, 2.9, 8.55,  2.9, 8.95, 3.3, 8.95, 3.3, 8.55
 11 Howard, 3.6, 9.3, 3.6, 9.6, 4.0, 9.6, 4.0, 9.3
 Ten Library Square, 3.5, 13.31, 3.5, 13.78, 3.9, 13.78, 3.9, 13.5, 3.69, 13.5, 3.69, 13.31 

Atheletics

Sidell Stadium, 2.05, 15.8, 2.05, 17.3, 3.75, 17.3, 3.75, 15.8  